Date,Open,High,Low,Close,Volume,Adj Close
2015-04-01,40.599998,43.610001,40.119999,43.34,34837600,42.491653
2015-03-02,43.669998,44.189999,40.540001,40.66,39055500,39.864113
2015-02-02,40.59,44.299999,40.23,43.849998,36316400,42.991669
2015-01-02,46.66,47.91,40.349998,40.400002,49848000,39.329311
2014-12-01,47.880001,49.060001,44.900002,46.450001,29467800,45.218975
2014-11-03,46.889999,50.049999,46.73,47.810001,28659100,46.542931
2014-10-01,46.27,46.970001,42.099998,46.950001,38655800,45.41925
2014-09-02,45.43,47.57,44.529999,46.360001,42564700,44.848488
2014-08-01,43.209999,45.470001,42.209999,45.43,25501300,43.948811
2014-07-01,41.860001,45.709999,41.049999,43.16,34688800,41.493656
2014-06-02,40.950001,42.290001,39.860001,41.700001,27932600,40.090027
2014-05-01,40.240002,40.970001,38.509998,40.939999,28996600,39.359367
2014-04-01,41.150002,41.66,38.900002,40.400002,37217700,38.568134
2014-03-03,37.919998,41.50,37.490002,40.990002,39300500,39.131382
2014-02-03,37.740002,38.459999,35.689999,38.310001,39290500,36.572899
2014-01-02,37.349998,37.889999,34.630001,37.84,48732700,35.855343
2013-12-02,38.09,38.98,35.529999,37.41,40196200,35.447895
2013-11-01,35.669998,38.290001,35.389999,38.130001,41126100,36.130135
2013-10-01,33.349998,36.290001,32.799999,35.41,43783200,33.300247
2013-09-03,31.75,33.75,30.950001,33.279999,64140000,31.297152
2013-08-01,32.060001,35.200001,30.84,33.400002,49729700,31.410004
2013-07-01,34.75,36.43,31.02,31.84,52501300,29.733431
2013-06-03,34.919998,35.779999,32.57,34.540001,50535000,32.254795
2013-05-01,32.93,35.279999,32.32,34.900002,51273800,32.590981
2013-04-01,28.639999,33.110001,28.110001,33.099998,70041900,30.694828
2013-03-01,27.719999,28.66,27.52,28.610001,45019900,26.53109
2013-02-01,27.67,28.200001,27.10,27.799999,42969800,25.779945
2013-01-02,27.25,28.23,26.280001,27.450001,56932500,25.246357
2012-12-03,26.780001,27.73,26.26,26.709999,49503000,24.565762
2012-11-01,28.84,30.200001,26.34,26.620001,66390700,24.482988
2012-10-01,29.809999,30.25,27.76,28.540001,55946000,26.03492
2012-09-04,30.450001,31.610001,29.74,29.76,49859800,27.147835
2012-08-01,29.59,30.959999,28.969999,30.82,30797300,28.114794
2012-07-02,30.620001,31.049999,28.540001,29.469999,42105900,26.706366
2012-06-01,28.76,31.139999,28.32,30.59,48969400,27.721334
2012-05-01,32.049999,32.34,28.639999,29.190001,47886600,26.452623
2012-04-02,32.220001,32.889999,30.23,32.02,48821800,28.828074
2012-03-01,31.93,32.950001,31.49,32.259998,44277900,29.044146
2012-02-01,29.790001,32.00,29.709999,31.74,52182700,28.575985
2012-01-03,26.549999,29.950001,26.389999,29.530001,70271500,26.412409
2011-12-01,25.559999,26.190001,25.16,25.959999,49264800,23.219305
2011-11-01,26.190001,27.200001,24.299999,25.58,53693200,22.879425
2011-10-03,24.719999,27.50,24.26,26.629999,60235300,23.640556
2011-09-01,26.459999,27.50,24.60,24.889999,63522800,22.095886
2011-08-01,27.51,27.690001,23.790001,26.60,77332100,23.613924
2011-07-01,25.93,28.15,25.84,27.40,68186100,24.171555
2011-06-01,24.99,26.00,23.65,26.00,61376900,22.936512
2011-05-02,25.940001,26.25,24.030001,25.01,67821800,22.06316
2011-04-01,25.530001,26.870001,24.719999,25.92,81658100,22.717035
2011-03-01,26.60,26.780001,24.68,25.389999,59744300,22.252527
2011-02-01,27.799999,28.34,26.43,26.58,61355100,23.295479
2011-01-03,28.049999,29.459999,27.42,27.73,71314300,24.160568
2010-12-01,25.57,28.40,25.559999,27.91,48111900,24.317398
2010-11-01,26.879999,28.870001,24.93,25.26,68402700,22.008509
2010-10-01,24.77,27.200001,23.780001,26.67,66458300,23.095108
2010-09-01,23.67,25.530001,23.540001,24.49,63542900,21.207317
2010-08-02,25.99,26.379999,23.32,23.469999,61156600,20.324039
2010-07-01,23.09,26.41,22.73,25.809999,71053500,22.231787
2010-06-01,25.530001,26.93,22.950001,23.01,79675500,19.819971
2010-05-03,30.67,31.059999,24.559999,25.799999,89381300,22.223173
2010-04-01,29.35,31.58,28.620001,30.540001,65821100,26.18787
2010-03-01,28.77,30.57,28.24,29.290001,51043300,25.116001
2010-02-01,28.389999,29.030001,27.57,28.67,58684900,24.584354
2010-01-04,30.620001,31.24,27.66,28.18,81765200,24.051712
2009-12-01,29.52,31.50,29.25,30.48,43297000,26.014767
2009-11-02,27.700001,30.139999,27.41,29.41,53121400,25.101519
2009-10-01,25.41,29.35,24.43,27.73,72581900,23.563477
2009-09-01,24.35,26.25,23.76,25.719999,52500600,21.855486
2009-08-03,23.82,25.49,23.030001,24.65,49659200,20.946257
2009-07-01,24.049999,25.719999,22.00,23.52,71441700,19.874294
2009-06-01,21.00,24.34,20.860001,23.77,67163500,20.085543
2009-05-01,20.190001,20.940001,19.01,20.889999,57362800,17.651955
2009-04-01,18.23,21.200001,18.18,20.26,78563800,17.011574
2009-03-02,15.96,18.879999,14.87,18.370001,78098900,15.42461
2009-02-02,17.030001,19.93,16.10,16.15,81560000,13.560557
2009-01-02,19.530001,21.00,16.75,17.10,81320700,14.260461
2008-12-01,19.879999,21.25,18.469999,19.440001,72425500,16.211891
2008-11-03,22.48,23.66,17.50,20.219999,95976900,16.862368
2008-10-01,26.379999,27.469999,20.65,22.33,136418800,18.496689
2008-09-02,27.67,27.76,23.50,26.690001,96891900,22.108225
2008-08-01,25.92,28.50,25.07,27.290001,59889700,22.605225
2008-07-01,27.27,27.91,24.870001,25.719999,77180100,21.220106
2008-06-02,28.24,29.57,27.110001,27.51,77060400,22.696934
2008-05-01,28.50,30.530001,27.950001,28.32,69931800,23.365217
2008-04-01,28.83,32.099998,27.93,28.52,69066000,23.44392
2008-03-03,27.24,29.59,26.870001,28.379999,74958500,23.328836
2008-02-01,31.059999,33.25,27.02,27.200001,122099600,22.358858
2008-01-02,35.790001,35.959999,31.040001,32.599998,97806800,26.694027
2007-12-03,33.50,36.720001,32.630001,35.599998,55002300,29.150532
2007-11-01,36.529999,37.50,32.68,33.599998,90565400,27.512861
2007-10-01,29.459999,37.00,29.290001,36.810001,85117900,30.041998
2007-09-04,28.50,29.85,28.27,29.459999,61223000,24.04339
2007-08-01,28.950001,30.10,27.51,28.73,55264800,23.447611
2007-07-02,29.67,31.84,28.950001,28.99,64862000,23.577166
2007-06-01,30.790001,30.90,29.040001,29.469999,59647900,23.967543
2007-05-01,29.940001,31.16,29.90,30.690001,64202000,24.959753
2007-04-02,27.889999,30.74,27.559999,29.940001,51337600,24.271164
2007-03-01,27.82,28.549999,26.60,27.870001,59843900,22.593098
2007-02-01,30.84,30.940001,27.790001,28.17,72483300,22.836296
2007-01-03,29.91,31.48,29.40,30.860001,69924300,24.930527
2006-12-01,29.23,30.26,28.799999,29.860001,58945000,24.122669
2006-11-01,28.780001,30.00,28.58,29.360001,61544700,23.718739
2006-10-02,27.32,28.85,27.15,28.709999,61492200,23.114605
2006-09-01,25.889999,27.52,25.389999,27.35,56588300,22.019663
2006-08-01,24.02,26.25,23.85,25.700001,50459500,20.691236
2006-07-03,23.530001,24.60,22.23,24.059999,68627600,19.299791
2006-06-01,22.74,23.65,21.459999,23.299999,92940200,18.690155
2006-05-01,24.32,25.00,22.450001,22.65,110427000,18.168755
2006-04-03,27.67,27.940001,24.00,24.15,107219900,19.296738
2006-03-01,26.98,28.219999,26.620001,27.209999,65223100,21.741789
2006-02-01,27.959999,28.07,26.34,26.870001,58565000,21.470118
2006-01-03,26.25,28.379999,26.10,28.15,74173200,22.416922
2005-12-01,27.73,28.10,26.10,26.15,62892300,20.824245
2005-11-01,25.610001,28.25,25.610001,27.68,71469100,22.042643
2005-10-03,25.709999,25.799999,24.25,25.700001,72132400,20.406075
2005-09-01,27.379999,27.389999,25.120001,25.73,66976400,20.429893
2005-08-01,25.809999,27.940001,25.76,27.379999,65529900,21.740011
2005-07-01,24.85,26.48,24.50,25.610001,69046600,20.274475
2005-06-01,25.73,26.00,24.82,24.84,62956700,19.664894
2005-05-02,25.23,26.09,24.639999,25.799999,62699700,20.424889
2005-04-01,24.24,25.450001,23.940001,25.299999,77090200,19.965725
2005-03-01,25.190001,25.790001,23.82,24.17,72899700,19.073977
2005-02-01,26.25,26.50,25.129999,25.16,75992300,19.855244
2005-01-03,26.799999,27.10,25.639999,26.280001,79642800,20.675314
2004-12-01,26.950001,27.440001,26.68,26.719999,84488000,21.021475
2004-11-01,28.16,30.200001,26.10,26.809999,86446000,21.092279
2004-10-01,27.82,28.889999,27.549999,27.969999,65742900,19.74346
2004-09-01,27.23,27.790001,26.74,27.65,57725200,19.517578
2004-08-02,28.27,28.549999,26.85,27.299999,52104600,19.270519
2004-07-01,28.700001,29.889999,27.25,28.49,76666600,20.051369
2004-06-01,26.129999,28.799999,25.860001,28.559999,77068200,20.100636
2004-05-03,26.190001,26.60,25.42,26.23,58942400,18.460773
2004-04-01,24.950001,27.719999,24.85,26.129999,77386600,18.390392
2004-03-01,26.629999,26.719999,24.01,24.93,77111900,17.545828
2004-02-02,27.610001,27.799999,26.35,26.530001,57385900,18.671915
2004-01-02,27.58,28.83,27.26,27.65,63635800,19.460175
2003-12-01,25.90,27.549999,25.50,27.370001,69030000,19.263109
2003-11-03,26.35,26.75,24.84,25.709999,77670400,18.094795
2003-10-01,28.030001,29.459999,25.91,26.139999,63898000,18.39743
2003-09-02,26.700001,30.00,26.469999,27.799999,62697200,19.456591
2003-08-01,26.33,26.950001,25.43,26.52,47667100,18.560749
2003-07-01,25.59,27.809999,25.389999,26.41,61659800,18.483761
2003-06-02,24.98,26.51,23.60,25.639999,77050900,17.944855
2003-05-01,25.540001,26.50,23.889999,24.610001,66480900,17.223982
2003-04-01,24.459999,26.43,23.950001,25.57,62151600,17.895864
2003-03-03,24.02,26.799999,22.549999,24.209999,68727900,16.944031
2003-02-03,47.93,49.099998,23.299999,23.700001,73871300,16.587095
2003-01-02,52.299999,57.32,47.029999,47.459999,86929500,16.554859
2002-12-02,58.650002,58.959999,51.259998,51.700001,63170400,18.033844
2002-11-01,52.43,58.639999,51.900002,57.68,79219500,20.11977
2002-10-01,44.32,54.07,43.189999,53.470001,112232300,18.651249
2002-09-03,48.52,51.099998,43.110001,43.740002,90564100,15.257259
2002-08-01,47.580002,53.450001,43.799999,49.080002,80631600,17.119944
2002-07-01,54.119999,54.93,41.41,47.98,114821000,16.736244
2002-06-03,50.990002,56.439999,49.169998,54.700001,96181400,19.080294
2002-05-01,52.16,56.439999,48.349998,50.91,67578800,17.758278
2002-04-01,59.830002,60.400002,51.439999,52.259998,67948300,18.229179
2002-03-01,59.049999,65.00,58.310001,60.310001,55857200,21.037159
2002-02-01,64.150002,64.50,57.150002,58.34,63117200,20.349989
2002-01-02,66.650002,70.620003,61.330002,63.709999,68080000,22.223135
2001-12-03,63.830002,69.889999,63.799999,66.25,51004700,23.109131
2001-11-01,60.080002,68.339996,59.599998,64.209999,65676300,22.397545
2001-10-01,50.939999,63.630001,50.41,58.150002,78938700,20.283714
2001-09-04,57.189999,59.080002,47.50,51.169998,108497700,17.848969
2001-08-01,66.800003,67.540001,56.299999,57.049999,52686800,19.900015
2001-07-02,72.050003,73.150002,64.199997,66.190002,72106300,23.088203
2001-06-01,69.599998,76.150002,66.010002,73.00,73498100,25.463646
2001-05-01,67.660004,72.150002,67.25,69.18,83999400,24.131166
2001-04-02,54.8125,71.099998,51.0625,67.75,107508700,23.632357
2001-03-01,58.5625,61.125,49.75,54.6875,90297700,19.075933
2001-02-01,60.8125,65.0625,53.875,59.00,85342300,20.580208
2001-01-02,44.125,64.75,42.875,61.0625,99401400,21.299643
2000-12-01,58.0625,60.625,40.3125,43.375,107832200,15.129941
2000-11-01,68.50,72.375,57.00,57.375,103841100,20.01338
2000-10-02,60.50,70.125,48.4375,68.875,116994900,24.024776
2000-09-01,70.00,72.0625,58.625,60.3125,74979300,21.038031
2000-08-01,69.9375,74.875,68.125,69.8125,56172800,24.351793
2000-07-03,79.6875,82.875,67.25,69.8125,65223400,24.351793
2000-06-01,64.375,82.1875,63.8125,80.00,69063900,27.905367
2000-05-01,72.875,74.00,60.375,62.5625,63609000,21.822868
2000-04-03,94.4375,96.50,65.00,69.75,122959400,24.329992
2000-03-01,89.625,115.00,88.9375,106.25,90976900,37.061813
2000-02-01,98.50,110.00,88.125,89.375,69646200,31.175526
2000-01-03,117.375,118.625,94.875,97.875,67403400,34.140472
1999-12-01,91.0625,119.9375,90.875,116.75,57886100,40.724396
1999-11-01,93.25,94.50,84.375,91.046883,72828600,31.758707
1999-10-01,90.1875,95.25,85.0625,92.5625,54369300,32.28738
1999-09-01,92.3125,97.875,88.8125,90.5625,48796600,31.589746
1999-08-02,85.6875,96.375,81.625,92.5625,63403500,32.28738
1999-07-01,89.875,100.75,85.50,85.8125,56944200,29.932865
1999-06-01,80.625,90.25,76.125,90.1875,42956400,31.458941
1999-05-03,81.4375,81.8125,75.50,80.6875,58290200,28.145178
1999-04-01,91.25,95.625,79.875,81.3125,58198000,28.36319
1999-03-01,149.562485,180.375,87.875,89.625,70789600,31.262732
1999-02-01,175.437515,175.937515,143.98436,150.125,87282900,26.183083
1999-01-04,139.60936,175.125,136.00,175.00,81688900,30.521494
1998-12-01,120.25,144.00,120.125,138.687515,51152500,24.188288
1998-11-02,106.375,130.26564,104.75,122.00,61680300,21.277842
1998-10-01,108.062477,110.125,87.75,105.875,77380500,18.465504
1998-09-01,95.25,114.625,94.50,110.062477,58628500,19.195835
1998-08-03,109.125,113.75,95.75,95.937523,70606100,16.732323
1998-07-01,109.125,119.625,105.375,109.937523,58318300,19.174044
1998-06-01,83.875,108.562477,83.125,108.375,59552800,18.901525
1998-05-01,90.187523,91.00,81.875,84.812477,56473600,14.79202
1998-04-01,89.812477,99.125,86.625,90.125,51116700,15.71857
1998-03-02,85.875,90.937523,79.25,89.50,51732000,15.609565
1998-02-02,151.75,160.062485,79.375,84.75,76292100,14.781124
1998-01-02,129.624954,150.124954,124.375038,149.187515,76808900,13.009789
1997-12-01,141.937515,146.624954,118.00,129.25,67425900,11.271152
1997-11-03,131.624954,142.25,129.00,141.50,49124300,12.339404
1997-10-01,132.50,139.624954,123.50,130.00,68703800,11.336555
1997-09-02,133.124954,140.25,130.624954,132.312485,57024100,11.538214
1997-08-01,141.375046,144.624954,131.00,132.187515,57472700,11.527316
1997-07-01,126.437523,150.75,123.25,141.375046,78917500,12.328507
1997-06-02,125.00,134.937515,118.25,126.375038,48022600,11.020443
1997-05-01,122.00,129.062485,114.875038,124.00,65770100,10.81333
1997-04-01,90.124962,122.624962,89.75,121.50,90802500,10.595319
1997-03-03,97.00,101.00,87.624962,91.687523,78573200,7.995543
1997-02-03,102.624962,103.50,94.00,97.50,72398100,8.502417
1997-01-02,83.124962,103.25,80.75,102.00,75104400,8.894835
1996-12-02,157.50,159.50,76.375038,82.624962,71113800,7.205249
1996-11-01,137.249924,158.00,136.50,156.875046,81906000,6.840087
1996-10-01,131.750076,139.124954,130.875046,137.249924,59898400,5.98439
1996-09-03,122.00,138.624954,120.624962,131.875046,69450400,5.750033
1996-08-01,117.875038,126.124962,117.375038,122.50,53270500,5.341261
1996-07-01,120.249924,122.875038,107.50,117.875038,101509800,5.139603
1996-06-03,118.750076,125.875038,116.249924,120.124962,66605100,5.237705
1996-05-01,112.875038,120.00,109.624962,118.750076,56708500,5.177757
1996-04-12,101.124962,113.875038,100.50,113.249924,73733000,4.937939
